6.90016,1.00617,0.670772,3.65921,0.270421,4.96445,7.56592,0.485103,3.12268,2.89024,6.19038,1.6993,0.0596433,2.42423
8.813,0.10594,0.541191,5.79125,3.51206,7.1368,8.12668,5.07965,3.75928,2.16837,3.73546,1.82125,9.70514,4.29971
2.19862,2.21576,0.332199,3.2729,7.58179,7.14586,0.478695,5.43254,4.76379,4.96145,7.16254,0.821903,3.72668,4.31062
6.80522,5.38526,0.00710175,9.35917,9.65319,1.20826,7.29695,9.86105,4.65477,2.73743,7.91049,1.55577,7.8867,1.83359
5.81596,8.88737,0.0279043,8.9879,9.62434,6.21959,2.61089,1.22839,5.60867,4.87516,6.81415,5.3741,2.52486,5.33665
8.61332,4.01026,0.398182,2.245,1.76378,3.81229,3.18384,0.740067,8.31382,0.299844,9.48486,2.12416,0.83966,2.16445
5.95832,1.43217,0.422768,5.46705,4.66323,4.98122,9.31772,2.95035,6.5154,4.40752,7.22273,2.47405,1.29764,9.4682
3.31944,9.74475,0.0317272,3.23989,2.7729,4.12111,3.42594,9.76203,0.461482,6.12,8.90293,1.49117,2.09881,4.67217
9.85933,5.68335,0.0994108,0.796945,4.25692,6.11027,5.28642,8.79981,8.35406,6.74421,9.92849,8.19315,2.19799,1.67881
7.09811,8.01218,0.639787,2.89549,4.51636,6.39956,7.48829,5.63157,9.87931,1.53383,9.10991,0.194597,0.600112,6.08382
1.42282,3.3891,0.524669,8.11104,2.26571,9.85689,4.75402,0.874892,4.31162,5.42151,9.27179,0.998452,0.981728,9.9102
5.63527,1.92778,0.218143,6.33296,8.065,8.51806,2.97772,6.61552,7.08889,2.92633,2.82212,1.39589,0.645686,2.04878
1.48054,3.46404,0.17301,7.77472,9.72507,9.18887,7.36776,9.8846,0.478327,9.24157,3.11185,0.927385,6.56218,0.626421
1.22539,5.16928,0.138135,1.63366,7.00388,4.23319,7.1726,9.89637,8.24074,2.09496,9.98496,7.27542,8.0372,1.18676
9.89301,1.81356,0.426982,6.28458,4.86227,0.187525,1.72844,9.91945,6.22963,1.38091,8.92249,0.345971,4.74199,8.69653
5.40539,8.36617,0.176904,3.22477,8.67824,5.15311,8.345,4.42694,3.60338,2.07627,5.81149,3.73826,8.92464,6.45997
5.03498,2.85123,0.700961,1.05266,2.12873,7.62112,8.10419,7.10093,5.2505,5.10608,7.94314,0.396118,7.56346,9.15553
8.16893,5.26569,0.438172,4.35082,4.23455,0.0709134,1.84154,0.736364,6.06444,5.04051,5.87319,0.704872,6.78673,4.58824
4.2411,0.143397,0.0706982,8.22536,3.70135,8.62532,5.74706,0.771144,0.612829,9.82181,5.14581,5.59818,8.64215,8.63141
8.92306,9.787,0.0912092,2.95275,6.81729,8.24757,6.82938,1.32839,6.1867,9.79819,8.23188,3.24939,2.5073,0.123417
4.94394,2.78634,0.0121148,3.61294,2.61154,2.07566,5.66766,6.29567,1.31049,5.43748,7.76752,8.70427,2.74788,3.59354
0.281395,9.41038,0.188163,2.45855,0.857752,6.23847,9.88478,3.46033,7.76961,3.85172,5.80065,1.53498,8.4556,3.1916
3.59244,8.11448,0.116827,3.51004,3.28673,0.0930465,3.83247,2.31419,4.60682,6.78989,7.74032,1.55227,9.03593,6.85876
7.13754,0.569431,0.432134,2.88077,7.0806,3.72786,4.08363,3.58823,7.36982,4.5346,2.98928,0.90874,3.18692,2.62827
2.94837,3.30342,0.649758,0.477466,4.77422,0.24896,4.26509,3.44732,9.07737,3.43763,6.28255,0.898646,3.54059,6.64803
2.47009,4.82359,0.110824,2.61609,8.62937,3.85776,7.31077,2.1624,3.4979,9.23818,6.08822,4.76457,8.18019,4.48671
1.46498,1.8772,0.0804259,1.71884,8.61869,4.2544,3.69495,0.982063,5.53196,5.6181,3.39036,1.85982,8.01379,7.71034
9.08451,3.41525,0.0517665,0.0394699,3.37096,5.77618,0.270626,8.41846,9.13797,1.78195,9.1854,9.05512,9.44808,3.89977
1.12068,5.24901,0.111086,7.02453,1.23468,1.22364,5.75708,9.29189,8.82838,8.5296,7.00594,8.84405,1.99462,3.53692
5.93567,0.740191,0.393595,5.15167,4.04318,3.81022,8.40533,8.37863,9.60726,9.18961,9.74594,0.0503276,5.85591,0.290223
6.42496,4.27977,0.0634921,7.11191,9.85295,8.48409,2.02303,1.13383,6.25644,2.03366,9.70904,9.75304,9.34282,4.80715
4.66228,8.91415,0.130931,0.560202,5.31357,5.23515,7.15075,2.69964,2.76579,4.7048,3.54689,2.63492,5.01857,7.05812
0.917119,4.01798,0.149367,0.404048,0.830959,5.92741,2.03807,3.78163,7.83354,8.35868,4.39424,3.93196,4.40178,0.760384
4.99412,6.19385,0.0206949,7.81849,5.28075,3.5003,9.53842,2.30533,5.6941,0.718004,7.49465,2.55966,0.171326,9.47253
7.34947,2.62213,0.0696051,9.85273,4.79755,2.46331,0.802862,3.6983,7.35415,1.17391,9.85702,6.90659,9.02814,5.99944
6.42426,2.58584,0.246582,4.30764,8.58533,3.66096,9.7756,8.47962,6.96244,7.72295,9.62471,2.45392,2.98217,1.31595
8.55639,7.18332,0.0253427,5.93442,9.72874,0.893767,1.54317,6.03401,3.60794,8.67779,7.69748,1.50188,2.12886,9.72821
5.29992,5.68633,0.147712,2.5907,1.83946,5.7334,1.19924,5.57331,0.67717,1.20158,4.96343,0.364895,2.78819,1.0774
6.60637,3.21057,0.073997,3.66768,2.65407,6.95196,1.62761,5.19166,6.24714,5.76486,9.95469,8.50898,0.504712,2.68843
6.32302,0.992447,0.0548271,1.47875,3.3758,7.09263,5.7817,3.05239,1.52766,5.34469,8.2689,5.44027,4.58823,4.3142
0.102688,5.88386,0.0786815,2.39923,3.86448,0.260073,1.05173,6.39124,7.49058,4.25416,9.65615,0.906492,5.40544,9.21752
1.34204,5.67204,0.0297722,0.381658,4.52316,0.736402,6.71207,9.79248,2.2136,4.00329,3.27563,3.46091,7.44449,9.55004
8.14285,6.90605,0.00160002,6.89148,5.15544,7.44312,6.43979,3.55542,5.95382,5.77176,5.95581,9.24342,4.13738,6.97328
3.60957,6.00583,0.0307378,6.60987,2.07301,1.04013,1.52012,8.64227,0.655229,2.42635,9.63199,4.9373,1.20501,2.61278
1.77926,4.0519,0.361569,6.89578,7.38649,4.68207,1.52334,2.76647,6.01367,1.70463,9.65733,0.699693,9.73316,5.30156
1.50176,0.0601145,0.34467,2.86807,3.73245,1.26165,4.54769,3.02147,1.90753,9.89223,8.75369,3.31991,7.68343,5.38713
6.73363,2.19313,0.016594,8.89596,4.32635,3.01066,0.0841475,4.26742,2.56766,4.65754,9.30878,2.72648,3.91787,7.60222
0.812332,2.86787,0.274289,9.97458,2.78002,3.87418,3.37601,0.586162,1.61957,0.156112,3.77355,1.98413,7.2705,5.21605
5.32138,6.43186,0.339268,2.06983,7.56028,5.66778,8.35017,1.29526,9.39061,8.01365,5.43177,1.72388,3.27574,5.35497
0.714748,2.76258,0.661214,3.02767,6.09146,9.08959,8.79827,2.59756,7.19881,0.369203,5.19549,0.547343,9.1862,2.38499
2.86629,3.78892,0.31497,3.69708,6.78974,5.11254,6.42453,6.99295,0.490464,3.22063,9.06112,0.22002,7.88301,9.77346
4.15814,5.90944,0.0408601,6.73526,9.48126,1.50713,0.4168,5.15483,7.20967,2.88953,4.26033,3.38732,0.642808,3.68213
8.93169,4.86464,0.0161527,1.47844,8.07226,0.510492,9.83512,8.79049,1.80923,7.65208,8.48472,2.76488,9.37881,9.67326
2.07421,1.16799,0.403666,4.40989,7.06451,3.20752,8.86739,4.28128,5.48385,7.10931,6.16365,2.45858,1.32084,9.32939
3.61662,4.53205,0.117138,8.74369,5.23642,8.4841,2.34869,4.42119,6.9939,6.46565,8.15378,0.644783,6.8693,2.36802
5.72883,4.52907,0.100925,6.25487,5.63571,9.32652,0.781542,5.38035,7.55372,5.35362,8.23411,0.713907,8.63763,2.57655
6.80081,1.25663,0.116036,0.209206,6.13116,6.40403,2.51977,9.72188,5.65925,4.93508,3.94265,4.10352,7.80621,8.91308
2.46134,7.66883,0.0569071,6.43789,1.62939,5.17002,2.53698,9.05915,7.17952,6.11819,8.3408,3.79772,8.20353,6.73401
0.766848,8.41614,0.033746,7.16962,9.86121,7.43047,3.92937,0.894057,6.41156,9.11512,7.89861,1.99236,5.55751,5.06374
1.62743,2.16935,0.299498,3.65759,3.03325,9.78491,5.03573,5.46899,7.23838,5.50916,2.45792,0.288945,6.29398,2.90163
9.40075,8.42447,0.0231521,9.11698,9.14273,1.88867,2.90056,9.7744,8.28688,7.63063,7.98721,1.00583,5.03234,8.57512
8.31668,8.4382,0.796798,1.78387,1.48459,1.56066,9.94462,9.23471,7.83092,4.30022,3.73126,1.32671,8.07062,2.92504
0.459717,6.45806,0.685864,7.32005,8.09882,6.84238,9.9242,6.05523,0.258719,8.29859,4.47203,1.47369,8.24463,7.43286
9.62406,1.52737,0.445387,5.61352,6.50857,9.60564,2.02358,0.244896,5.97251,9.96949,7.26011,0.732473,0.679586,1.79711
7.66873,8.39474,0.442445,6.17106,7.055,3.4311,6.50716,5.84392,8.82962,9.37013,3.72048,0.032313,3.08491,8.10274
7.10033,5.26209,0.00396565,6.65069,8.16525,3.37672,2.49398,6.36423,3.65383,9.94927,7.33585,3.67249,3.59962,8.88726
6.44702,5.07647,0.290227,7.83817,6.1787,5.39846,1.88819,4.84504,0.559817,8.84085,8.22284,1.32508,0.694529,2.94976
9.03429,9.23011,0.448557,8.88911,9.22464,8.59883,0.615104,8.05574,2.75609,1.61054,8.37213,0.43332,2.81391,3.30398
2.60031,3.44381,0.0594286,8.81565,4.55236,1.53232,3.75231,5.13026,4.24409,0.483387,4.27781,7.21826,7.2149,0.773078
6.28577,5.00625,0.0389149,4.04303,1.148,4.51132,1.67223,5.17838,3.08613,8.58912,7.35368,3.23382,0.824813,2.63906
5.86475,8.77789,0.0291603,0.0971043,2.03114,7.33856,9.16021,5.69347,0.13644,3.14357,3.93984,6.84696,6.85686,3.30503
1.51136,1.49581,0.0313673,7.18979,8.80115,0.982836,8.52796,9.37682,6.25208,8.74989,9.3222,8.1976,7.10253,2.22619
2.2194