8.36726,8.57443,0.418734,7.66518,8.60473,9.61766,3.97583,1.85317,6.15486,4.66566,5.67568,1.09322,3.71995,1.26036
1.72981,2.85893,0.0635664,8.36053,5.39167,7.75719,5.06508,8.81889,9.00503,7.53173,5.78596,4.70163,0.24744,8.72859
8.60403,7.94612,0.356999,0.080123,6.62662,3.55683,9.65151,2.98661,5.97904,9.73737,6.03856,0.0623343,7.65336,0.0810426
7.9078,6.3664,0.0133432,4.25929,5.87355,6.69588,7.64818,2.90632,6.59198,1.48729,6.83385,6.58769,9.34202,1.24906
9.75131,0.195779,0.461168,0.84417,7.96456,0.387425,1.45838,0.949763,2.66329,1.90445,8.04136,1.17658,4.71957,1.76192
1.7852,3.79366,0.025758,2.91554,1.43576,0.841165,7.46084,4.40978,5.20215,2.47546,5.02492,3.89589,8.19204,3.58133
2.35974,0.111274,0.17832,7.01717,7.50033,8.00074,8.50555,2.81169,6.0986,9.1209,4.91671,5.19089,3.36909,4.2806
8.90058,2.11819,0.47884,7.86122,3.5702,4.40504,5.47148,9.15102,1.14138,3.19593,3.92694,0.00816456,7.22177,6.23934
9.30554,8.21981,0.307722,1.89185,6.31624,7.01687,2.61534,6.05952,2.3316,7.15885,8.77202,1.36557,1.07861,8.20057
2.2069,1.39052,0.511192,1.59643,1.14776,0.375314,7.89733,0.433763,0.250913,7.08717,3.99248,1.56549,1.18789,4.86747
2.75834,9.43358,0.248537,7.16626,3.41196,4.82593,9.42197,5.08753,6.15828,2.1919,9.19524,4.449,4.37113,5.61318
3.11025,3.92813,0.131403,8.49802,6.19982,0.377132,8.46055,6.54251,9.93094,9.23635,5.29733,2.22157,7.94135,0.205195
1.91931,7.77,0.474077,7.81547,4.53441,9.85122,9.51721,5.67694,2.27137,4.97467,9.26222,0.158189,8.68995,2.0414
5.87317,0.333198,0.0571721,0.891486,3.20773,2.37862,7.39455,0.255602,5.9045,6.85704,6.30793,7.41746,5.19597,8.59121
9.72664,5.69882,0.0560224,1.56826,7.72419,0.394169,4.80534,3.2741,7.86304,4.17005,6.11063,1.38441,7.78282,5.7969
7.56909,3.6699,0.000408264,6.86169,4.44038,9.41018,6.91666,8.34773,0.277021,5.89682,7.85187,6.33085,2.64959,1.61142
8.08532,2.18861e-07,0.00367839,1.82276,5.1345,5.56556,0.400602,2.91082,2.11097,9.06642,9.26931,9.30566,0.245976,4.12569
9.23448,3.88588,0.0473467,5.7565,9.55471,6.08926,2.16799,7.44431,6.48563,3.92295,2.97766,5.52766,3.33634,3.78654
7.74123,6.77159,0.049508,2.08041,5.3678,6.62274,8.33328,7.40193,4.2404,8.33661,3.47888,9.59235,8.69883,1.29863
6.76195,8.13234,0.188981,6.20666,5.39792,2.77165,3.05252,3.70026,0.234682,4.30634,6.71689,0.773332,7.38432,8.281
6.05697,9.41633,0.220589,7.43619,0.059175,4.55364,3.01907,1.54202,6.64997,6.07578,5.64,1.39673,4.91895,2.77453
8.33172,1.1555,0.429457,7.88415,8.98297,6.71264,9.36116,2.94414,2.18231,8.09992,5.34071,1.32488,7.23872,1.12403
9.63364,2.57096,0.088898,4.1086,3.20567,7.68823,6.14861,9.66497,9.19474,6.07721,9.71453,2.15609,7.33845,7.27234
5.97023,1.63147,0.197249,5.16933,0.902849,4.19094,7.19991,8.93758,3.85937,4.39846,4.97019,3.96644,4.03678,6.11829
8.89594,4.04593,0.0117062,6.74545,0.833196,3.51754,9.3499,3.70018,9.00367,4.72765,7.55576,9.69408,8.42555,8.19058
8.73066,6.16296,0.86436,7.29535,2.93693,0.986757,4.42012,8.89965,6.36097,8.87308,9.88578,0.327095,7.48759,3.99369
5.21142,8.31264,0.470251,3.50642,2.47537,3.58691,5.14269,3.27014,1.20609,0.774573,8.24966,1.97032,5.20479,6.97572
6.1894,5.29186,0.294446,8.75862,6.09965,6.81475,5.54815,7.70331,9.58734,4.45094,6.99363,1.94475,5.35046,5.23042
2.07202,4.36425,0.00878884,7.71411,1.05964,9.29058,6.72491,5.56219,3.78684,5.38197,4.7797,2.43412,0.248698,9.86034
4.2132,1.29293,0.249922,0.435235,4.98678,2.78962,5.0617,1.99944,4.66311,2.89259,5.8282,4.55801,6.5547,4.81487
4.97807,6.45208,0.183622,6.12899,9.9099,5.75979,4.77265,3.85359,7.29005,3.82558,6.46945,1.99739,0.151561,7.28511
7.58172,5.97731,0.571548,6.00189,3.71259,7.48524,4.36643,6.59026,2.4358,8.56427,9.6317,0.0523153,9.26379,6.43882
5.9357,1.34587,0.103019,1.44755,8.97689,4.66673,3.65676,9.16148,6.9477,9.93846,5.62916,9.2761,3.48894,8.69836
5.9377,4.86167,0.157719,0.791425,1.47485,7.73956,8.85547,3.96685,0.788508,2.45274,3.18059,6.24279,2.54902,1.31586
9.28646,7.45285,0.130182,7.9635,2.6128,3.35697,0.590419,3.17568,3.57622,5.45411,7.2078,1.48379,8.10869,2.79436
4.25969,2.64711,0.0207617,8.94243,5.4225,5.98062,6.28387,3.0083,0.422847,6.79534,9.25664,6.3165,1.41811,4.20588
5.44649,9.07777,0.0621841,5.12795,5.46756,3.35825,2.14847,9.27463,8.66041,5.5885,5.87394,3.3209,4.38584,2.81156
6.00112,0.822872,0.00967603,2.62499,8.16898,6.10648,1.54275,9.03058,7.01822,5.25523,4.62693,4.73948,6.50097,1.85339
1.24589,9.64599,0.0987218,9.21744,7.52248,0.255815,9.48373,3.03369,7.28993,1.88229,5.63665,5.19589,7.3238,1.18006
5.36876,2.68699,0.166465,7.77416,0.328179,5.71278,4.72556,2.4307,2.83938,1.51532,8.0525,8.42778,5.74659,2.90705
3.50097,0.825849,0.0495245,2.35793,9.69777,0.387462,2.06696,9.32817,8.53314,6.53871,6.02174,7.44291,2.90892,0.2823
4.96011,4.54872,0.275331,7.48452,2.27344,9.66153,1.31616,0.726424,9.00714,3.07597,7.8046,1.83291,5.68658,4.41402
2.62638,1.59339,0.0217664,5.82813,3.46193,4.68747,2.2895,9.6337,3.62572,7.43661,7.03787,5.48395,8.72882,5.27815
1.77458,5.41802,0.742758,3.54209,1.91601,2.41762,2.89055,1.39398,8.54388,6.92626,9.72394,0.276529,7.61809,7.17957
7.33057,4.87537,0.324509,4.01822,4.18003,3.68032,5.12794,5.33186,2.49301,9.95218,6.28134,0.476518,8.83621,0.120296
1.27571,0.857396,0.25818,9.2301,0.321535,4.03081,5.75027,4.70719,3.80284,4.34814,9.22197,3.63619,3.39147,0.367619
8.60854,3.67586,0.248763,0.966906,0.792639,1.8825,9.09904,7.51336,7.11834,7.99842,9.47905,4.3696,9.93526,1.89206
8.73849,7.72775,0.275051,2.78384,8.04712,7.99291,6.87393,0.0682894,7.74065,7.13858,8.07835,2.82563,0.439424,5.39624
8.64389,7.91338,0.12716,7.18446,9.13577,4.9055,6.80447,2.7859,2.58348,0.575186,7.15181,0.543444,3.66125,4.61519
4.16612,0.0297784,0.485514,0.0296078,7.61903,2.99932,9.61372,7.802,8.28535,1.81042,7.72421,0.81922,8.62261,0.199152
1.18989,8.4685,0.0562978,6.19701,3.11823,8.04988,4.25286,7.80133,6.89461,7.76742,7.07013,7.65771,3.20226,0.430595
6.24059,5.62209,0.516195,5.68419,4.18961,4.85383,8.29874,6.87528,2.78229,1.97091,5.12887,0.837223,1.21274,2.54835
2.99665,4.71948,0.218634,4.58775,6.23167,5.67559,9.61787,7.53151,2.10107,2.76484,8.59359,2.48698,8.63075,7.02999
5.50891,8.24835,0.0588362,8.85933,8.75517,8.22169,1.98699,5.28918,5.31521,2.67487,6.52825,0.29557,7.64733,8.6052
0.147991,7.29161,0.011904,0.0701732,9.40098,2.21446,8.51244,8.55031,5.05562,9.75106,6.07613,1.60024,5.31467,3.70812
6.49276,3.79545,0.194377,6.889,3.49544,7.8507,6.64159,5.14369,9.96605,9.45416,6.05236,1.98959,8.99022,8.6474
5.54957,1.63447,0.574414,4.18094,9.02102,6.29262,9.99205,6.37609,2.99725,4.75124,4.0401,1.93368,9.38427,1.39283
8.12648,1.74633,0.499929,2.30559,0.0577692,0.927161,2.79809,7.52721,9.87222,2.35646,5.07953,1.69797,7.74573,2.4057
4.42322,1.01982,0.15338,7.85256,7.95833,5.71068,9.3265,0.438043,2.18683,4.03613,5.19933,5.08006,0.595219,3.84942
5.99324,8.3269,0.232951,5.21526,2.86609,0.454413,7.32495,0.493504,4.31453,4.30337,6.6736,3.16376,3.38919,2.19396
3.47194,2.84883,0.289816,0.945099,4.27179,6.01093,5.7845,0.100688,2.25646,4.29512,8.12346,1.01564,9.92643,3.49502
5.80774,0.725891,0.0463429,8.88543,7.49095,0.364362,3.83811,7.09364,2.73643,1.25511,4.67345,6.64449,3.90134,9.86316
6.84285,7.72537,0.291696,2.53178,1.57709,6.19894,5.61143,1.37718,6.20534,3.07304,8.60021,3.75885,5.02594,1.03462
1.03352,0.371275,0.0211082,4.76627,6.63679,4.56903,1.60654,1.09267,4.52217,4.1056,2.8584,1.15098,4.44277,9.60681
1.57346,5.06279,0.287087,5.06653,3.18081,9.83196,5.77866,1.91662,2.55824,6.40264,9.20994,1.51981,3.43578,5.14167
0.922775,9.07362,0.247527,0.181087,3.52724,2.37544,3.97317,6.99054,9.98415,3.61356,3.04346,1.42423,7.11372,0.229512
1.75668,4.44161,0.170095,8.79198,6.80117,7.27096,2.96009,0.231154,4.99804,2.04296,6.08568,2.0981,2.82822,3.84408
1.19555,3.62588,0.145704,8.84324,8.26623,0.471985,2.65738,2.59025,4.28654,3.87557,6.727,0.676999,8.32703,2.44922
5.38373,4.33927,0.136913,1.1022,4.7166,1.8991,8.17602,4.30876,7.2801,6.66012,6.65267,1.46324,2.73477,3.34174
4.46872,5.75002,0.508425,5.09488,9.64884,8.01269,9.34099,3.97759,1.40147,4.44323,7.4475,0.0757507,3.14272,9.74875
9.87382,9.33302,0.0507271,2.57094,9.71245,7.14099,8.58967,6.61689,0.0444891,7.72811,6.3487,2.68433,5.55741,3.42779
5.13155,6.02785,0.132148,1.01951,4.82245,0.888165,7.39312,6.17332,4.92273,6.38828,7.74649,5.33423,2.45249,9.01399
6.75394,3.40632,0.0349031,6.